best_theta: [ 9.21796773 -3.87594107 -0.05714546 -7.17017588 -6.97016898  0.00960424]
best_f: 10.681135437003178
