best_theta: [ 9.93883735e+00  1.10431526e+00 -2.90504182e-07 -2.31999138e-08
 -1.15594041e-07  1.00000000e+01]
best_f: 5.248008580393391e-06
