best_theta: [-9.93883733e+00 -1.10431540e+00  2.60907218e-07 -5.43737467e-09
  2.40150874e-07 -1.00000000e+01]
best_f: 2.6606916566852725e-06
