best_theta: [-9.93883713e-01 -1.10431719e-01  1.04430794e-06 -5.57771086e-08
  4.35663059e-07 -1.00000000e+00]
best_f: 1.2817754261463742e-05
