best_theta: [-9.93883729e-01 -1.10431580e-01  1.09191604e-06  1.53517046e-08
  1.51615911e-07  1.00000000e+00]
best_f: 6.046688647452508e-05
